.Random.seed <-
c(403L, 20L, -953517549L, -1715061310L, -1134938508L, -1145943945L, 
-2031031955L, 27151876L, -1722303190L, -662988139L, 1860088111L, 
-2133064650L, 173121632L, -1569634653L, 1489879489L, 2036268464L, 
-579275570L, 1792729657L, 379647051L, 1250563578L, -379088644L, 
-2144697025L, -538887659L, -2045767380L, -976125438L, -1359720227L, 
1402577879L, 204578494L, -2114213640L, 1773557467L, -67457735L, 
1695692936L, -1176190922L, -916589455L, -450740573L, -1606224910L, 
-460224700L, -1412495353L, -767957539L, -1812258092L, -1192776198L, 
1687765317L, 155846047L, 896939814L, 458233776L, 1087026259L, 
500887409L, -2082691424L, 1114950206L, 1982062921L, 2040061947L, 
254837706L, 1190272300L, -722964177L, -587276315L, 1637121692L, 
27298546L, 1780589L, -1579281241L, -669167922L, 39101480L, -1300907989L, 
-1855030711L, -1459825832L, 253124102L, 1251682273L, -1577798285L, 
1563303394L, 479367508L, 318333015L, 1098050637L, -914399260L, 
-1303974454L, -1143213003L, -1670327665L, 1289128854L, 837769024L, 
-1331807741L, 1561321505L, 1720371984L, 2117871854L, 513919129L, 
-1330971349L, -436702182L, -1849121060L, -1325576481L, -1311889227L, 
-1872191924L, 1012564642L, 470419965L, 420102903L, 2146821150L, 
763178712L, 1801474619L, -1445810215L, 243594600L, -992869226L, 
1419379217L, -1900053565L, -1884477486L, 748294756L, -278187609L, 
779325181L, -647628044L, 274238938L, 669417765L, -55601089L, 
1962497990L, -449369008L, -1450819469L, -1871833967L, -103193408L, 
1197319838L, 541874793L, 1578392219L, 19519402L, 943080396L, 
-306782577L, 874725061L, -664619396L, -876193070L, -685724083L, 
1654997767L, -743676178L, -1156119608L, -716557109L, -690164439L, 
-1921819272L, -1528552794L, 1211221185L, 680891731L, 1448382978L, 
-1943188684L, 1982507191L, -1491783507L, -99897916L, -1401790998L, 
-584252843L, 1416555503L, 1137085430L, 783785248L, 761459427L, 
848978817L, -1863289360L, -38400882L, 437105657L, 41144715L, 
1110461882L, 376165564L, -1205614593L, -1812716203L, 426686060L, 
-2089942334L, 553518365L, 1678424983L, 1982197502L, 1562168504L, 
1891507867L, -681751303L, 1175694920L, -1419196042L, 2074161329L, 
-1947999005L, 755856306L, 2040826884L, 324996935L, -1550006755L, 
640867476L, 1949764666L, 1413883525L, -1673472161L, -28166170L, 
755890800L, 2071383443L, -1552401871L, 1920071904L, 524456318L, 
202626057L, -484879301L, -1584907766L, -2046770708L, 382211695L, 
628791717L, -1466556068L, 1058094386L, 431957037L, 260446951L, 
1870549006L, -497950232L, -2029411349L, -1216234359L, 871524376L, 
2110183238L, 417007009L, -1882088397L, -1382125150L, 478520468L, 
91116311L, -2105975539L, -393880540L, -1144394742L, 1704218997L, 
829319375L, -1916515370L, 2137670528L, -1012983869L, 2086093153L, 
1795524560L, 1340149550L, -1969179943L, 1039241451L, -1699511974L, 
-2093192420L, 1927470623L, -1316608395L, -1257647348L, -2067673374L, 
-314448963L, 1723175991L, 647608030L, 409764376L, -1803334277L, 
-1523251943L, -1125447256L, -200606378L, -1634533935L, -271092349L, 
-952800238L, -202094684L, -436804174L, 2124844528L, -31949884L, 
402709848L, -434179718L, -714110032L, -931970628L, 1500825684L, 
1748283330L, 304969760L, 426318012L, 97698384L, 203836386L, -1601034136L, 
-434815924L, -2125956868L, 353467378L, -625485568L, -98549388L, 
1049396232L, -2009792582L, 703631824L, -145597460L, 1214806420L, 
1559986642L, -1167240864L, -236589236L, -1456903904L, -1002678398L, 
-606613784L, -1420025620L, 1376019516L, -1089258638L, 1158940272L, 
-1024373724L, 1139868472L, -33112934L, 1970899664L, -2058149700L, 
-1617535340L, 1515417218L, -1399408448L, 523901756L, -1579602800L, 
725614114L, 1920401416L, 725632268L, -693803876L, 2097438226L, 
-1276252288L, 1140368916L, 1571881512L, -1598386886L, -178888240L, 
74194028L, -2046084812L, -1470140782L, 722301792L, 1075651404L, 
1935177696L, -304007262L, 1649751976L, 1924140428L, -1335136068L, 
-127848078L, -599167760L, 481407044L, -1909548712L, 1429003834L, 
436378480L, -1190684612L, 1854781204L, -1306845758L, -520695072L, 
2124771196L, 1376820944L, 274780322L, -1484717016L, 370115852L, 
-1196306500L, -256413390L, 523219392L, -701507020L, 2070623176L, 
-156741446L, 274057616L, 800205292L, -397370796L, 50571410L, 
-473856224L, 1898230220L, -1383823904L, -1856203070L, -328639448L, 
-1229972820L, -1077439300L, -1993776654L, 1511907632L, 795827364L, 
1498173112L, 1759849818L, 284872080L, 1387215740L, -710442732L, 
-1539124414L, -1549391104L, -655222852L, 107546448L, -1489243358L, 
1955624264L, 1749713420L, -1078896548L, 1641346258L, -1672535552L, 
326915412L, 816816616L, 1303055354L, 1936707792L, -87929556L, 
1129644788L, 1721905554L, 133792864L, -131232500L, 1370145504L, 
-749514398L, 680491688L, -159620532L, -250041988L, 2016107826L, 
-301449104L, -798089404L, -830057000L, -249455494L, 47140400L, 
-395242820L, 1965446996L, 1288123458L, -1696670304L, 561023676L, 
-497643056L, 201282914L, 423739368L, -1220739124L, -1310447876L, 
1365391858L, -844713856L, 586505460L, 1494072968L, -352211142L, 
-546276528L, -1004216724L, -115132268L, 881633618L, -1304733984L, 
751082188L, -727469920L, -872244350L, -30354712L, -1097043220L, 
-592278468L, -1401394574L, -1738914704L, 1356709412L, -974160840L, 
-552040422L, -992625968L, 2007452732L, -528022380L, -437429118L, 
1823129536L, 372650300L, -1577133424L, -1659821022L, -2051128312L, 
41519244L, -1752402916L, -326865262L, 1326122112L, -649064428L, 
-812049112L, 1954606650L, 1692224720L, 1777976428L, -1507794252L, 
18337810L, -344713248L, -1152444468L, 946863584L, -1605683678L, 
-904109784L, 2011519244L, -80804292L, -1955991310L, 1700995824L, 
1585922884L, -1248865704L, -1700210118L, 2069069552L, -1224514372L, 
-213232108L, 1063925954L, 1432172640L, 1399133564L, 1010357456L, 
1803213858L, -1882496344L, 1345492876L, 1081831868L, 757019698L, 
300496704L, -537880396L, -942879928L, -949691718L, 459839248L, 
-221536020L, 263685204L, 897781522L, -1135535200L, 1201074124L, 
226118496L, -609300286L, 1197663784L, -421902932L, 605593404L, 
-1988749454L, 1510910768L, -1044893148L, 575652589L, 248436119L, 
258199136L, 417264702L, 477173003L, -1193957491L, 1877636282L, 
1566143224L, -721868639L, 1750322259L, -1150091404L, 1691528450L, 
-142821993L, -1744826527L, 521157542L, -1791584860L, -2062529451L, 
-1521696513L, 894186904L, 1851244214L, 226230083L, 1349522053L, 
2075367202L, 1799275536L, -1268103239L, -2081232789L, 314237788L, 
-2139008374L, 1063095935L, -1976188983L, 828429406L, 784711436L, 
1016495837L, 729860071L, 1198738448L, 1426465070L, 1975084507L, 
1134734013L, 852496426L, -2079020856L, -1478087183L, -373367965L, 
-734479516L, -457919854L, -168235161L, 476365105L, -1785566602L, 
-176694380L, -965570651L, -1738334033L, -1411359384L, 1949719878L, 
2031893747L, -1758600619L, -1149256142L, -267068416L, 708178153L, 
1940866907L, -1278197332L, 755917242L, 881196911L, 1934795001L, 
-1230178930L, -375101348L, 647219917L, -118772169L, -659024704L, 
-1838158946L, -1440311189L, 393328621L, 722770522L, 292994328L, 
780536449L, -654280653L, -72655276L, 1440201314L, -177271561L, 
-1182894271L, -237767226L, -427448572L, 1807676085L, 1120251295L, 
2070929912L, 592572374L, 801974883L, 627462693L, -1572177470L, 
-1995342160L, -2058565927L, -1297170357L, -1945395524L, -1157444374L, 
739498271L, -654997079L, 39268158L, -936920532L, 525551741L, 
331594439L, -1143618640L, 1789220302L, -228038917L, 192191837L, 
-797337974L, -534350680L, 352464913L, -502030077L, 1637747716L, 
1053819954L, 713485447L, 175196369L, -111531434L, -1296125388L, 
-1747863227L, -48880753L, -1331861752L, 999166246L, -1000295981L, 
769334069L, 1925978770L, 1627242080L, -1544812599L, 942372603L, 
1711020236L, 474878298L, 418126927L, 2074169625L, 1888824110L, 
-1971735236L, -162450771L, -711209641L, 152874144L, -644068866L, 
1196774603L, 1408746189L, 1192697338L, 1126559288L, -1088523295L, 
-235938669L, -1392986444L, -591811646L, -681472041L, 503619617L, 
452257766L, -566926620L, -1488308715L, -1417556417L, -164438568L, 
